87 15
-10551 -8738 -9716 -9860 -8111 -8293 -7603 -8142 -6484 -6695 -6616 -6628 -6611 -5812 -5336 -5538 -5244 -5430 -4829 -5211 -5026 -4810 -4048 -4318 -3473 -4026 -4191 -3977 -4960 -3694 -2848 -3753 -2705 -2539 -1730 -2350 -1391 -809 -312 -1206 -1283 -857 -510 0 510 857 1283 1206 312 809 1391 2350 1730 2539 2705 3753 2848 3694 4960 3977 4191 4026 3473 4318 4048 4810 5026 5211 4829 5430 5244 5538 5336 5812 6611 6628 6616 6695 6484 8142 7603 8293 8111 9860 9716 8738 10551
-3325 -1833 4046 668 -1019 6735 -278 -4699 -217 4096 -4820 -2279 1640 -2673 -1973 3035 2212 8408 5555 -3805 48 1646 4166 -4238 -2380 2674 1441 794 -8924 -407 2177 -5155 -5925 10388 1020 5599 -1537 3492 4857 -10126 7859 -6223 -8004 0 8004 6223 -7859 10126 -4857 -3492 1537 -5599 -1020 -10388 5925 5155 -2177 407 8924 -794 -1441 -2674 2380 4238 -4166 -1646 -48 3805 -5555 -8408 -2212 -3035 1973 2673 -1640 2279 4820 -4096 217 4699 278 -6735 1019 -668 -4046 1833 3325
4 13 20 25 28 37 40 43 46 49 58 61 66 73 82
3 1 3 7
5 0 3 4 7 11
4 3 5 9 12
6 0 1 2 4 6 12
4 1 3 6 11
4 2 9 17 18
5 3 4 8 11 12
5 0 1 10 11 28
5 6 11 12 14 20
5 2 5 12 15 18
7 7 11 13 19 23 28 31
8 1 4 6 7 8 10 13 14
9 2 3 6 8 9 15 16 20 21
4 10 11 14 19
7 8 11 13 19 20 24 29
6 9 12 16 18 22 25
4 12 15 21 25
5 5 18 33 35 40
6 5 9 15 17 22 35
5 10 13 14 23 24
6 8 12 14 21 27 29
6 12 16 20 25 26 27
6 15 18 25 30 35 37
4 10 19 24 31
8 14 19 23 29 31 32 36 48
6 15 16 21 22 26 30
4 21 25 27 30
6 20 21 26 29 30 34
6 7 10 31 32 39 42
6 14 20 24 27 34 36
6 22 25 26 27 34 37
5 10 23 24 28 32
6 24 28 31 41 42 48
3 17 40 47
7 27 29 30 36 37 43 50
6 17 18 22 37 38 40
7 24 29 34 43 48 49 52
6 22 30 34 35 38 50
7 35 37 40 45 50 54 62
4 28 42 46 53
7 17 33 35 38 44 45 47
4 32 42 46 48
5 28 32 39 41 46
4 34 36 50 52
5 40 45 47 54 58
4 38 40 44 54
7 39 41 42 48 51 53 69
4 33 40 44 58
7 24 32 36 41 46 49 51
6 36 48 51 52 56 64
7 34 37 38 43 52 57 62
6 46 48 49 64 68 69
7 36 43 49 50 56 57 59
3 39 46 69
6 38 44 45 55 58 62
5 54 58 62 63 76
6 49 52 59 60 61 64
6 50 52 59 62 66 72
6 44 47 54 55 76 79
6 52 56 57 60 65 66
4 56 59 61 65
6 56 60 64 65 70 71
8 38 50 54 55 57 63 67 72
4 55 62 67 76
6 49 51 56 61 68 71
6 59 60 61 66 70 74
6 57 59 65 72 74 78
5 62 63 72 73 76
6 51 64 69 71 77 81
5 46 51 53 68 81
4 61 65 71 74
6 61 64 68 70 74 77
7 57 62 66 67 73 75 78
4 67 72 75 76
9 65 66 70 71 77 78 80 83 84
8 72 73 76 78 79 80 82 85
7 55 58 63 67 73 75 79
5 68 71 74 81 84
5 66 72 74 75 80
5 58 75 76 85 86
5 74 75 78 82 83
4 68 69 77 84
4 75 80 83 85
6 74 80 82 84 85 86
4 74 77 81 83
5 75 79 82 83 86
3 79 83 85